1.0
0.999848771267
0.999395085066
0.998638941399
0.997580340265
0.996219281664
0.994555765595
0.99258979206
0.990321361059
0.98775047259
0.984877126654
0.981701323251
0.978223062382
0.974442344045
0.970359168242
0.965973534972
0.961285444234
0.95629489603
0.951001890359
0.945406427221
0.939508506616
0.933308128544
0.926805293006
0.92
0.912892249527
0.905482041588
0.897769376181
0.889754253308
0.881436672968
0.872816635161
0.863894139887
0.854669187146
0.845141776938
0.835311909263
0.825179584121
0.814744801512
0.804007561437
0.792967863894
0.781625708885
0.769981096408
0.758034026465
0.745784499055
0.733232514178
0.720378071834
0.707221172023
0.693761814745
0.68
0.665935727788
0.65156899811
0.636899810964
0.621928166352
0.606654064272
0.591077504726
0.575198487713
0.559017013233
0.542533081285
0.525746691871
0.508657844991
0.491266540643
0.473572778828
0.455576559546
0.437277882798
0.418676748582
0.3997731569
0.38056710775
0.361058601134
0.341247637051
0.321134215501
0.300718336484
0.28
0.258979206049
0.237655954631
0.216030245747
0.194102079395
0.171871455577
0.149338374291
0.126502835539
0.103364839319
0.0799243856333
0.0561814744802
0.0321361058601
0.00778827977316
-0.0168620037807
-0.0418147448015
-0.0670699432892
-0.0926275992439
-0.118487712665
-0.144650283554
-0.171115311909
-0.197882797732
-0.224952741021
-0.252325141777
-0.28
-0.30797731569
-0.336257088847
-0.364839319471
-0.393724007561
-0.422911153119
-0.452400756144
-0.482192816635
-0.512287334594
-0.542684310019
-0.573383742911
-0.60438563327
-0.635689981096
-0.667296786389
-0.699206049149
-0.731417769376
-0.76393194707
-0.796748582231
-0.829867674858
-0.863289224953
-0.897013232514
-0.931039697543
-0.965368620038
-1.0
