903.656995 
903.474263 
902.926586 
902.016066 
900.736427 
899.093075 
897.086025 
894.706774 
891.953035 
888.823320 
885.316984 
881.432703 
877.167602 
872.516772 
867.472981 
862.029930 
856.183621 
849.928404 
843.258734 
836.168896 
828.652797 
820.703818 
812.314693 
803.477420 
794.183182 
784.422277 
774.184057 
763.456878 
752.228096 
740.486698 
728.220825 
715.417038 
702.061287 
688.138825 
673.634125 
658.530794 
642.811504 
626.457915 
609.450596 
591.768957 
573.391164 
554.294063 
534.453097 
513.842216 
492.433787 
470.198492 
447.105230 
423.120978 
398.210797 
372.338263 
345.464736 
317.549061 
288.547372 
258.412880 
227.095647 
194.542353 
160.696035 
125.495815 
88.876602 
50.768768 
11.097802 
-30.216075 
-73.258325 
-118.120549 
-164.900988 
-213.705071 
-264.646024 
-317.845744 
-373.442414 
-431.585511 
-492.422150 
-556.098669 
-626.564174 
-704.649611 
-784.859991 
-863.379245 
-936.426162 
-1000.326250 
-1051.617709 
-1087.206214 
-1104.641177 
-1101.907919 
-1077.904647 
-1032.514097 
-966.562557 
-881.739944 
-780.481956 
-665.816333 
-541.176020 
-410.260872 
-276.900596 
-144.502311 
-15.850740 
107.090626 
223.381616 
333.309535 
438.596568 
542.611677 
650.587609 
769.842095 
909.999624 
